17095
17096
17097
17098
17099
17100
17101
17102
17113
17114
17115
17116
17117
17118
17119
17120
17121
17122
17123
17124
17125
17126
17127
17128
17129
17130
17131
17132
17133
17134
17135
17136
17137
17138
17139
17140
17141
17142
17145
17146
17147
17148
17149
17150
17153
17154
17155
17156
17157
17158
17161
17162
17163
17164
17165
17166
17169
17170
17171
17172
17173
17174
17177
17178
17179
17180
17181
17182
17185
17186
17187
17188
17189
17190
17207
17208
17209
17210
17211
17212
17213
17214
17217
17218
17219
17220
17221
17222
17223
17224
17225
17226
17227
17228
17229
17230
17233
17234
17235
17236
17237
17238
17255
17256
17257
17258
17259
17260
17261
17262
56260
56261
56262
56263
56264
56265
66788
66789
66790
66791
66792
66793
138055
138056
138057
138058
138059
138060
138216
138217
138218
138219
138220
138221
138222
138223
138224
138225
138226
138227
138228
138229
138230
138231
138232
138233
138234
138235
138236
138237
138238
138239
138240
138241
138242
138243
138244
138245
138246
138247
138248
138249
138250
138251
138252
138253
138254
138255
138256
138257
138258
138259
138260
138261
138262
138263
138264
138265
138266
138267
138268
138269
138270
138271
138272
138273
138274
138275
138276
138277
138278
138279
138280
138281
138282
138283
138284
138285
138286
138287
138288
138289
138290
138291
138292
138293
138294
138295
138296
138297
138298
138299
138300
138301
138302
138303
138304
138305
138306
138307
138308
138309
138310
138311
138312
138313
138314
138315
138316
138317
138318
138319
138320
138321
138322
138323
138324
138325
138326
138327
138328
138329
138330
138331
138332
138333
138334
138335
138336
138337
138338
138339
138340
138341
158655
158656
158657
158658
158659
158660
158663
158664
158665
158666
158667
158668
158671
158672
158673
158674
158675
158676
158679
158680
158681
158682
158683
158684
158687
158688
158689
158690
158691
158692
158695
158696
158697
158698
158699
158700
172171
172172
172173
172174
172175
172176
172177
172178
172179
172180
172181
172182
172183
172184
172185
172186
172187
172188
172189
172190
172191
172192
172193
172194
172195
172196
172197
172198
172199
172200
172201
172202
172203
172204
172205
172206
172207
172208
172209
172210
172211
172212
172213
172214
172215
172216
172217
172218
172219
172220
172221
172222
172223
172224
172225
172226
172227
172228
172229
172230
172231
172232
172233
172234
172235
172236
172249
172250
172251
172252
172253
172254
183744
183745
183746
183747
183748
183749
183750
183751
183752
183753
183754
183755
183756
183757
183758
183759
183760
183761
200616
200617
200618
200619
200620
200621
200622
200623
200624
200625
200626
200627
200849
200850
200851
200852
200853
200854
208356
208357
208358
208359
208360
208361
208362
208363
208364
208365
208366
208367
