3056
3057
3058
3059
3060
3062
3063
3064
3065
3066
3068
3069
3070
3071
3072
3074
3075
3076
3077
3078
3080
3081
3082
3083
3084
3086
3087
3088
3089
3090
3092
3093
3094
3095
3096
3103
3104
3105
3106
3107
3114
3115
3116
3117
3118
3120
3121
3122
3123
3124
3126
3127
3128
3129
3130
3132
3133
3134
3135
3136
3144
3145
3146
3147
3148
3150
3151
3152
3153
3154
3156
3157
3158
3159
3160
3162
3163
3164
3165
3166
3167
3168
3169
3170
3171
3172
3180
3181
3182
3183
3184
3185
3206
3207
3208
3209
3210
3211
3212
3213
3214
3215
3216
3217
3253
3254
3255
3256
3257
3258
3259
3260
3261
3262
3263
3264
3265
3266
3267
3268
3269
3270
3271
3272
3273
3274
3275
3276
3277
3278
3279
3280
3281
3282
36488
36489
36490
36491
36492
44912
56266
56267
56268
56269
56270
56303
56304
56305
56306
56307
66612
66613
66614
66615
66616
66658
66659
66660
66661
66662
93059
93060
93061
93062
93063
93064
93065
93066
93067
93068
93069
93070
93071
93072
93073
93074
102722
102723
102724
102725
102726
102727
102728
102729
120832
120833
120834
120835
120836
120837
120838
120839
120840
120841
120842
120843
120844
120845
120846
120847
120848
120849
120850
120851
120852
120853
120854
120855
120856
120857
120858
120859
120860
120861
120862
120863
120864
120865
120866
120872
120873
120874
120875
120876
120877
120878
120879
120880
120881
137933
137934
137935
137936
137937
137938
137939
137940
137941
137942
158106
158107
158108
158109
158110
158111
158114
158115
158116
158117
158118
158119
158122
158123
158124
158125
158126
158127
158130
158131
158132
158133
158134
158135
158138
158139
158140
158141
158142
158143
158146
158147
158148
158149
158150
158151
158383
158384
158385
158386
158387
158388
158389
158390
158391
158392
158393
158394
158395
158396
158397
158398
158399
158400
158402
158403
158404
158405
158406
158407
158408
158409
158410
158425
158426
171678
171679
171680
171681
171682
171683
171684
171685
171686
171687
171688
171689
171690
171691
171694
171695
171696
171697
171698
171699
171700
171701
171702
171703
171704
171705
171706
171707
171708
171710
171711
171712
171713
171714
171715
171718
171719
171720
171721
171722
171723
171726
171727
171728
171729
171730
171731
171734
171735
171736
171737
171738
171739
171742
171743
171744
171745
171746
171747
171750
171751
171752
171753
171754
171755
171758
171759
171760
171761
171762
171763
171764
171765
171766
171767
171768
171769
171770
171771
171772
171774
171775
171776
171777
171778
171779
171782
171783
171784
171785
171786
171787
171790
171791
171792
171793
171794
171795
171798
171799
171800
171801
171802
171803
171806
171807
171808
171809
171810
171814
171815
171816
171817
171818
171822
171823
171824
171825
171826
171827
171830
171831
171832
171833
171834
171835
175897
175898
175899
175900
175901
175905
175906
175907
175908
175909
175913
175914
175915
175916
175917
175921
175922
175923
175924
175925
179706
179709
179712
179715
179718
179721
179724
179729
179732
179735
179738
179740
179743
179746
179749
179752
179757
179760
183520
183521
183522
183523
183524
183525
183528
183529
183530
183531
183532
183533
183536
183537
183538
183539
183540
183541
197023
197024
197025
197026
197027
197028
200578
200579
200580
200581
200582
200583
200586
200587
200588
200589
200590
200591
200866
200867
200868
200869
200870
200871
208340
208341
208342
208343
208344
208345
208348
208349
208350
208351
208352
208353
